1 0 653.935181 68.147957 -994.715454
1 1 653.138367 68.509605 -993.723450
1 2 653.497437 68.387802 -994.929871
1 3 655.127319 69.000496 -996.282776
1 4 653.402771 68.455139 -997.715576
1 5 654.813232 68.813438 -997.917664
1 6 654.212830 68.370895 -1000.220154
1 7 652.332458 68.814911 -1000.348145
1 8 653.037231 68.001839 -1001.631775
1 9 652.001648 68.105957 -1003.313721
1 10 652.919678 68.914459 -1003.582764
1 11 652.631287 69.360252 -1005.701477
1 12 653.216125 68.206169 -1004.333801
1 13 651.827515 68.026184 -1004.252563
1 14 654.406433 69.155441 -1004.373169
1 15 655.504761 69.233116 -1004.779663
1 16 655.676575 68.409935 -1003.401611
1 17 656.927551 68.548264 -1002.715820
1 18 657.458618 68.289505 -1002.350830
1 19 659.199524 69.164452 -1002.608826
1 20 660.386963 68.364212 -1001.934387
1 21 660.302551 69.030853 -1002.840393
1 22 662.421753 68.509445 -1001.417297
1 23 662.341797 68.064201 -1001.297852
1 24 663.479248 68.508224 -1002.408997
1 25 665.561462 68.553764 -1001.828491
1 26 664.162476 69.022827 -1001.083740
1 27 664.638367 69.827141 -1000.086121
1 28 662.841797 68.800148 -1001.616821
1 29 661.868713 68.039391 -1001.094971
1 30 661.978210 68.726372 -1001.035400
1 31 661.556396 68.279449 -1003.259888
1 32 660.136292 69.359428 -1003.381165
1 33 659.625061 68.427742 -1002.546570
1 34 657.981934 68.378548 -1001.454834
1 35 659.262085 68.212784 -1003.200195
1 36 657.572144 68.540894 -1002.005798
1 37 656.700745 69.219528 -1004.282471
1 38 656.229126 68.467072 -1004.465759
1 39 656.177612 69.338493 -1004.760559
1 40 657.243530 69.058876 -1005.175659
1 41 654.921509 68.262100 -1006.766418
1 42 656.171326 68.021706 -1007.573914
1 43 655.985291 69.702522 -1007.670471
1 44 657.578369 69.023262 -1008.736023
1 45 657.381531 68.710838 -1009.186279
1 46 659.041809 68.947823 -1010.562378
1 47 657.576111 68.322624 -1009.855835
1 48 659.716309 68.203751 -1011.059326
1 49 661.615906 68.030052 -1011.900024
1 50 661.904175 68.266792 -1010.132507
1 51 663.033081 68.527641 -1008.508728
1 52 663.761047 69.392479 -1009.184082
1 53 663.954712 68.388176 -1010.854126
1 54 665.632751 68.059181 -1008.571106
1 55 665.750244 68.563026 -1008.857849
1 56 665.214966 68.026848 -1007.584534
1 57 665.479126 68.229874 -1008.130859
1 58 664.779175 68.639198 -1008.794617
1 59 662.257080 68.190125 -1009.998718
1 60 661.100525 68.788643 -1009.929993
1 61 660.456482 68.356339 -1010.106812
1 62 661.013000 68.197456 -1010.438843
1 63 658.637695 68.829292 -1010.030334
1 64 656.691406 68.008461 -1010.495239
1 65 657.995300 69.898323 -1010.583862
1 66 657.029907 68.457428 -1009.896484
1 67 656.879089 68.142258 -1010.140503
1 68 655.836426 68.504631 -1010.137634
1 69 653.966064 68.697868 -1011.559265
1 70 654.594299 68.513504 -1013.684326
1 71 654.933899 70.092041 -1012.931763
1 72 654.990845 68.102982 -1013.627625
1 73 657.283875 69.029449 -1015.009460
1 74 658.941467 69.736748 -1015.099365
1 75 657.372559 68.915375 -1016.377991
1 76 657.426392 68.079575 -1016.058228
1 77 658.089050 68.060577 -1015.073547
1 78 659.429626 68.432228 -1015.768127
1 79 658.180115 68.018501 -1016.513672
1 80 660.920715 68.497719 -1016.051270
1 81 661.318176 70.085030 -1016.019653
1 82 660.752380 68.316841 -1015.355286
1 83 662.400146 68.169731 -1016.542236
1 84 663.044128 68.606285 -1019.263428
1 85 662.557007 69.568741 -1020.794678
1 86 662.037292 68.292572 -1019.440125
1 87 661.345093 68.216270 -1022.503174
1 88 662.595276 68.767769 -1023.071777
1 89 663.052368 69.319206 -1023.110168
1 90 665.079285 68.721146 -1023.881714
1 91 665.101318 68.137367 -1022.862000
1 92 664.493774 69.495651 -1023.530029
1 93 664.273315 68.614136 -1023.721924
1 94 663.572937 68.221397 -1024.479492
1 95 661.620850 68.491936 -1023.743042
1 96 662.604980 68.803780 -1023.618713
1 97 661.543701 68.021706 -1021.225159
1 98 661.757568 69.157097 -1021.037476
1 99 661.083374 69.936089 -1018.097961