1 0 653.935181 68.147957 -994.715454
1 1 653.138367 68.509605 -993.723450
1 2 653.497437 68.387802 -994.929871
1 3 655.127319 69.000496 -996.282776
1 4 653.402771 68.455139 -997.715576
1 5 654.813232 68.813438 -997.917664
1 6 654.212830 68.370895 -1000.220154
1 7 652.332458 68.814911 -1000.348145
1 8 653.037231 68.001839 -1001.631775
1 9 652.001648 68.105957 -1003.313721
1 10 652.919678 68.914459 -1003.582764
1 11 652.631287 69.360252 -1005.701477
1 12 653.216125 68.206169 -1004.333801
1 13 651.827515 68.026184 -1004.252563
1 14 654.406433 69.155441 -1004.373169
1 15 655.504761 69.233116 -1004.779663
1 16 655.676575 68.409935 -1003.401611
1 17 656.927551 68.548264 -1002.715820
1 18 657.458618 68.289505 -1002.350830
1 19 659.199524 69.164452 -1002.608826
1 20 660.386963 68.364212 -1001.934387
1 21 660.302551 69.030853 -1002.840393
1 22 662.421753 68.509445 -1001.417297
1 23 662.341797 68.064201 -1001.297852
1 24 663.479248 68.508224 -1002.408997
1 25 665.561462 68.553764 -1001.828491
1 26 664.162476 69.022827 -1001.083740
1 27 664.638367 69.827141 -1000.086121
1 28 662.841797 68.800148 -1001.616821
1 29 661.868713 68.039391 -1001.094971
1 30 661.978210 68.726372 -1001.035400
1 31 661.556396 68.279449 -1003.259888
1 32 660.136292 69.359428 -1003.381165
1 33 659.625061 68.427742 -1002.546570
1 34 657.981934 68.378548 -1001.454834
1 35 659.262085 68.212784 -1003.200195
1 36 657.572144 68.540894 -1002.005798
1 37 656.700745 69.219528 -1004.282471
1 38 656.229126 68.467072 -1004.465759
1 39 656.177612 69.338493 -1004.760559
1 40 657.243530 69.058876 -1005.175659
1 41 654.921509 68.262100 -1006.766418
1 42 656.171326 68.021706 -1007.573914
1 43 655.985291 69.702522 -1007.670471
1 44 657.578369 69.023262 -1008.736023
1 45 657.381531 68.710838 -1009.186279
1 46 659.041809 68.947823 -1010.562378
1 47 657.576111 68.322624 -1009.855835
1 48 659.716309 68.203751 -1011.059326
1 49 661.615906 68.030052 -1011.900024
1 5001 579.455933 80.324585 -963.666931
2 0 652.614197 68.759293 -951.221375
2 1 652.180786 68.590538 -950.864624
2 2 652.379333 69.032730 -952.267212
2 3 653.362244 69.422859 -952.789368
2 4 654.295410 68.647614 -953.383667
2 5 652.473145 68.858490 -953.823853
2 6 652.785522 68.966309 -952.135864
2 7 652.556152 68.644676 -951.960693
2 8 654.753662 68.929901 -953.822632
2 9 653.596924 69.334297 -952.560791
2 10 654.763794 68.213524 -954.659302
2 11 653.867249 68.941055 -952.922058
2 12 656.012024 68.745628 -953.964844
2 13 653.571533 68.263275 -953.994080
2 14 654.845581 68.153267 -954.492615
2 15 655.424927 68.512108 -953.555054
2 16 655.669800 68.296356 -955.585632
2 17 654.750732 68.313271 -955.539734
2 18 655.305969 68.326416 -954.664673
2 19 656.688477 68.444435 -955.404785
2 20 656.331848 68.348808 -953.708496
2 21 656.282593 68.459549 -956.295288
2 22 655.196655 68.595215 -954.771973
2 23 656.630798 69.344101 -956.166138
2 24 657.467102 68.080528 -955.621399
2 25 657.851196 68.584267 -956.261292
2 26 657.358032 68.035828 -955.892639
2 27 657.311829 68.111618 -957.319702
2 28 659.068909 69.022270 -956.645508
2 29 656.284058 68.106308 -955.715149
2 30 657.567993 68.456131 -956.465576
2 31 658.843323 68.268867 -957.127197
2 32 659.150391 68.139565 -956.293701
2 33 659.242798 68.152954 -956.170044
2 34 660.379517 68.113564 -957.192993
2 35 658.284241 68.356773 -955.998230
2 36 659.845337 68.299828 -957.451294
2 37 659.487183 69.551071 -957.042786
2 38 659.891724 68.203201 -956.698914
2 39 660.806274 68.375885 -955.843323
2 40 660.047302 68.331429 -957.349304
2 41 659.987976 68.767197 -956.797180
2 42 660.265686 68.127350 -957.256165
2 43 659.301636 68.500877 -958.113831
2 44 661.916931 69.896027 -956.474915
2 45 662.064087 68.939186 -956.908752
2 46 661.888550 68.260078 -956.164490
2 47 662.477600 68.244919 -958.436096
2 48 661.942078 68.326851 -958.461304